map_center_longitude:       23.1626764
map_center_latitude:        -4.482033
map_scale:                  30000
